<?xml version="1.0"?>
<opencv_storage>
<points_mat type_id="opencv-matrix">
  <rows>55</rows>
  <cols>2</cols>
  <dt>i</dt>
  <data>
    525 19 477 19 115 21 57 22 542 24 473 25 451 25 121 27 438 30 41 32
    155 33 438 38 554 39 528 40 155 41 64 42 534 46 58 48 36 51 534 97
    539 103 555 103 37 108 43 112 555 167 537 167 43 167 534 173 37 175
    556 237 36 244 549 248 43 253 549 294 43 304 37 307 556 312 534 368
    59 368 556 369 38 371 527 374 72 375 446 377 147 377 552 380 446 385
    475 386 146 386 46 387 116 387 480 393 113 393 535 394 62 395</data></points_mat>
<anchor_index_mat type_id="opencv-matrix">
  <rows>6</rows>
  <cols>1</cols>
  <dt>i</dt>
  <data>
    3 8 21 24 46 52</data></anchor_index_mat>
</opencv_storage>
